750
1
577 572
552 547
590 487
503 495
618 582
579 525
562 558
564 518
571 524
510 501
624 428
853 199
517 512
523 522
534 490
633 415
568 521
537 527
542 458
481 476
583 475
634 454
474 471
608 461
586 494
548 496
418 417
482 466
543 470
478 469
589 459
580 452
511 455
601 465
553 464
447 445
587 444
632 438
544 422
566 424
598 437
427 426
628 402
635 383
619 409
599 443
617 408
492 434
573 432
484 413
528 419
636 414
600 405
607 395
662 363
637 401
545 399
630 388
609 398
651 392
625 407
696 394
615 376
513 386
710 355
643 365
711 324
695 343
664 382
731 368
631 375
578 410
585 373
385 384
535 371
670 366
595 372
683 449
529 345
603 390
705 339
700 359
620 341
701 344
749 336
661 335
699 403
737 295
676 353
684 327
668 350
698 321
653 331
721 307
689 304
760 285
714 263
789 271
581 330
685 338
666 318
622 310
806 289
703 306
675 297
686 290
498 322
735 262
673 288
763 227
788 280
720 273
873 215
773 337
871 257
665 259
270 269
709 266
816 242
835 182
837 82
783 249
717 248
659 253
753 252
224 223
750 256
726 244
674 291
3
744 246
716 236
681 243
833 190
977 51
813 231
563 264
697 238
751 226
752 250
782 207
770 191
740 234
814 200
796 218
781 221
857 172
800 204
912 115
774 195
765 206
794 198
818 183
759 214
798 237
898 158
188 185
762 175
810 171
834 173
612 169
805 161
769 160
795 168
832 165
841 163
846 157
882 156
856 162
808 153
758 155
872 151
891 147
793 180
858 152
876 146
881 126
910 101
879 144
894 129
862 138
824 150
883 134
847 143
915 99
937 93
866 137
892 131
817 133
902 130
911 114
825 128
838 123
897 116
988 49
828 119
940 117
941 105
884 124
930 88
903 118
868 96
885 69
840 108
934 102
901 97
861 72
918 94
932 91
929 40
946 67
980 31
947 95
48
801 79
960 71
660 84
968 85
994
916 104
920 68
919 86
949 80
928 65
657 64
797 47
927 66
958 76
965 44
956 61
715 59
961 57
967 54
974 27
991 55
909 58
985 46
904 53
981 32
979 37
957 18
984 30
945 36
982 26
993 8
973 15
997
998
992
999 2
952 12
953 20
996 0
936
995 6
963
4
943 52
845
986
990 10
987
948
5
964
972
970
938
935
975
905
951
742
989
933
899
983
966
924
969
962
971
978
926
754
893
830
913
886
954
939
921
896
923
959
914
889
950
908
922
955
860
888
890
942
728
925
815
976
917
874
906
887
869
944
895
867
878
880
196
851
907
785
855
863
849
859
792
931
850
877
823
852
870
799
875
843
822
756
836
865
864
827
829
804
900
812
787
803
819
679
854
732
791
839
844
757
809
779
790
842
727
755
811
669
777
209
821
807
761
848
741
764
713
820
826
802
831
784
766
654
729
772
733
736
776
745
707
786
768
145
279
743
746
723
734
671
704
771
719
747
724
775
748
614
7
647
718
725
730
672
708
9
644
688
663
739
778
690
488
691
667
682
613
11
604
480
702
712
594
677
658
13
606
287
780
652
706
638
645
650
680
646
623
611
692
687
531
649
767
567
738
597
641
584
655
596
541
559
722
694
554
629
626
648
616
642
538
640
532
555
602
627
591
605
588
656
693
678
621
530
574
575
549
540
610
557
509
592
14
533
565
561
639
473
570
551
493
421
546
508
539
536
576
560
216
526
569
515
550
556
516
520
500
286
504
491
411
483
497
519
423
593
514
222
16
314
272
507
499
502
479
489
323
364
457
463
17
467
462
450
435
456
404
442
441
436
472
485
19
477
21
393
505
302
391
446
440
468
451
420
301
433
425
22
217
429
506
416
453
361
396
448
389
412
387
430
352
381
397
360
369
23
370
378
460
439
367
332
354
356
334
316
311
349
374
377
400
305
261
319
406
346
309
325
260
24
281
358
315
241
329
347
313
25
380
255
247
28
299
294
103
29
342
362
178
300
486
320
333
298
177
312
357
351
348
33
203
328
296
326
283
34
292
275
109
303
379
277
254
284
340
187
282
267
194
181
431
211
258
210
245
233
239
202
201
219
278
189
274
127
197
251
229
317
232
149
35
265
176
164
113
186
276
132
112
240
268
170
125
228
87
235
225
212
179
38
208
167
62
213
78
100
98
220
148
192
154
293
139
230
159
39
135
73
41
106
90
92
205
193
81
136
166
43
122
141
50
120
174
121
42
45
83
184
56
60
89
75
142
63
140
308
70
74
77
107
110
111
